NUMBER_OF_LEVELS: 5
---------------------------------------------
LEVEL_ONE
BACKGROUND_IMAGE: bg0.png
NUMBER_OF_ENEMIES: 15
150 50 e0.png 0 0
200 100 e0.png 0 0
250 150 e0.png 0 0
300 200 e0.png 0 0
350 250 e0.png 0 0
800 100 e0.png 0 0
750 150 e0.png 0 0
700 200 e0.png 0 0
650 250 e0.png 0 0
100 100 e0.png 0 0
400 200 e0.png 0 -0.1
420 220 e0.png 0 -0.2
440 240 e0.png 0 -0.3
800 740 e0.png 0 -0.4
380 240 e0.png 0 -0.5
---------------------------------------------
LEVEL_TWO
BACKGROUND_IMAGE: bg1.png
NUMBER_OF_ENEMIES: 10
100 200 e0.png 0 -1
150 200 e0.png 0 -1
200 200 e0.png 0 -1
250 200 e0.png 0 -1
300 200 e0.png 0 -1
350 200 e0.png 0 -1
400 200 e0.png 0 -1
450 200 e0.png 0 -1
500 200 e0.png 0 -1
550 200 e0.png 0 -1
---------------------------------------------
LEVEL_THREE
BACKGROUND_IMAGE: bg2.png
NUMBER_OF_ENEMIES: 84
100 200 e0.png 0 -0.1
200 200 e0.png 0 -0.2
300 200 e0.png 0 -0.3
400 200 e0.png 0 -0.4
500 200 e0.png 0 -0.5
100 300 e0.png 0 -0.1
200 300 e0.png 0 -0.2
300 300 e0.png 0 -0.3
400 300 e0.png 0 -0.4
500 300 e0.png 0 -0.5
100 400 e0.png 0 -0.1
200 400 e0.png 0 -0.2
300 400 e0.png 0 -0.3
400 400 e0.png 0 -0.4
500 500 e0.png 0 -0.5
100 500 e0.png 0 -0.1
200 500 e0.png 0 -0.2
300 500 e0.png 0 -0.3
400 600 e0.png 0 -0.4
500 600 e0.png 0 -0.5
100 600 e0.png 0 -0.1
200 600 e0.png 0 -0.2
300 700 e0.png 0 -0.3
400 700 e0.png 0 -0.4
500 700 e0.png 0 -0.5
100 700 e0.png 0 -0.1
200 800 e0.png 0 -0.2
300 800 e0.png 0 -0.3
400 800 e0.png 0 -0.4
500 800 e0.png 0 -0.5
100 100 e0.png 0 0
200 100 e0.png 0 0
700 100 e0.png 0 0
700 200 e0.png 0 0
600 200 e0.png 1 1
600 300 e0.png 1 1
600 400 e0.png 1 1
600 500 e0.png 1 1
600 600 e0.png 1 1
600 700 e0.png 1 1
600 800 e0.png 1 1
700 300 e0.png 1 1
700 400 e0.png 1 1
700 500 e0.png 1 1
700 600 e0.png 1 1
700 700 e0.png 1 1
700 800 e0.png 1 1
800 100 e0.png 0 0
800 200 e0.png 0 0
800 300 e0.png 1 1
800 400 e0.png 1 1
800 500 e0.png 1 1
800 600 e0.png 1 1
800 700 e0.png 1 1
800 800 e0.png 1 1
900 100 e0.png 0 0
900 200 e0.png 0 0
900 300 e0.png 1 1
900 400 e0.png 1 1
900 500 e0.png 1 1
900 600 e0.png 1 1
900 700 e0.png 1 1
900 800 e0.png 1 1
500 150 e0.png 1 1
500 250 e0.png 1 1
500 350 e0.png 1 1
500 450 e0.png 1 1
500 550 e0.png 1 1
500 650 e0.png 1 1
500 750 e0.png 1 1
400 150 e0.png 1 1
400 250 e0.png 1 1
400 350 e0.png 1 1
400 450 e0.png 1 1
400 550 e0.png 1 1
400 650 e0.png 1 1
400 750 e0.png 1 1
600 750 e0.png 1 1
600 650 e0.png 1 1
600 550 e0.png 1 1
600 450 e0.png 1 1
600 350 e0.png 1 1
600 250 e0.png 1 1
600 150 e0.png 1 1
---------------------------------------------
LEVEL_FOUR
BACKGROUND_IMAGE: bg0.png
NUMBER_OF_ENEMIES: 105
100 200 e0.png 0 -0.1
200 200 e0.png 0 -0.2
300 200 e0.png 0 -0.3
400 200 e0.png 0 -0.4
500 200 e0.png 0 -0.5
100 300 e0.png 0 -0.1
200 300 e0.png 0 -0.2
300 300 e0.png 0 -0.3
400 300 e0.png 0 -0.4
500 300 e0.png 0 -0.5
100 400 e0.png 0 -0.1
200 400 e0.png 0 -0.2
300 400 e0.png 0 -0.3
400 400 e0.png 0 -0.4
500 500 e0.png 0 -0.5
100 500 e0.png 0 -0.1
200 500 e0.png 0 -0.2
300 500 e0.png 0 -0.3
400 600 e0.png 0 -0.4
500 600 e0.png 0 -0.5
100 600 e0.png 0 -0.1
200 600 e0.png 0 -0.2
300 700 e0.png 0 -0.3
400 700 e0.png 0 -0.4
500 700 e0.png 0 -0.5
100 700 e0.png 0 -0.1
200 800 e0.png 0 -0.2
300 800 e0.png 0 -0.3
400 800 e0.png 0 -0.4
500 800 e0.png 0 -0.5
100 100 e0.png 0 0
200 100 e0.png 0 0
700 100 e0.png 0 0
700 200 e0.png 0 0
600 200 e0.png 1 1
600 300 e0.png 1 1
600 400 e0.png 1 1
600 500 e0.png 1 1
600 600 e0.png 1 1
600 700 e0.png 1 1
600 800 e0.png 1 1
700 300 e0.png 1 1
700 400 e0.png 1 1
700 500 e0.png 1 1
700 600 e0.png 1 1
700 700 e0.png 1 1
700 800 e0.png 1 1
800 100 e0.png 0 0
800 200 e0.png 0 0
800 300 e0.png 1 1
800 400 e0.png 1 1
800 500 e0.png 1 1
800 600 e0.png 1 1
800 700 e0.png 1 1
800 800 e0.png 1 1
900 100 e0.png 0 0
900 200 e0.png 0 0
900 300 e0.png 1 1
900 400 e0.png 1 1
900 500 e0.png 1 1
900 600 e0.png 1 1
900 700 e0.png 1 1
900 800 e0.png 1 1
500 150 e0.png 1 1
500 250 e0.png 1 1
500 350 e0.png 1 1
500 450 e0.png 1 1
500 550 e0.png 1 1
500 650 e0.png 1 1
500 750 e0.png 1 1
400 150 e0.png 1 1
400 250 e0.png 1 1
400 350 e0.png 1 1
400 450 e0.png 1 1
400 550 e0.png 1 1
400 650 e0.png 1 1
400 750 e0.png 1 1
600 750 e0.png 1 1
600 650 e0.png 1 1
600 550 e0.png 1 1
600 450 e0.png 1 1
600 350 e0.png 1 1
600 250 e0.png 1 1
600 150 e0.png 1 1
500 125 e0.png 1 1
500 225 e0.png 1 1
500 325 e0.png 1 1
500 425 e0.png 1 1
500 525 e0.png 1 1
500 625 e0.png 1 1
500 725 e0.png 1 1
400 125 e0.png 1 1
400 225 e0.png 1 1
400 325 e0.png 1 1
400 425 e0.png 1 1
400 525 e0.png 1 1
400 625 e0.png 1 1
400 725 e0.png 1 1
600 725 e0.png 1 1
600 625 e0.png 1 1
600 525 e0.png 1 1
600 425 e0.png 1 1
600 325 e0.png 1 1
600 225 e0.png 1 1
600 125 e0.png 1 1
---------------------------------------------
LEVEL_FIVE
BACKGROUND_IMAGE: bg1.png
NUMBER_OF_ENEMIES: 126
100 200 e0.png 0 -0.1
200 200 e0.png 0 -0.2
300 200 e0.png 0 -0.3
400 200 e0.png 0 -0.4
500 200 e0.png 0 -0.5
100 300 e0.png 0 -0.1
200 300 e0.png 0 -0.2
300 300 e0.png 0 -0.3
400 300 e0.png 0 -0.4
500 300 e0.png 0 -0.5
100 400 e0.png 0 -0.1
200 400 e0.png 0 -0.2
300 400 e0.png 0 -0.3
400 400 e0.png 0 -0.4
500 500 e0.png 0 -0.5
100 500 e0.png 0 -0.1
200 500 e0.png 0 -0.2
300 500 e0.png 0 -0.3
400 600 e0.png 0 -0.4
500 600 e0.png 0 -0.5
100 600 e0.png 0 -0.1
200 600 e0.png 0 -0.2
300 700 e0.png 0 -0.3
400 700 e0.png 0 -0.4
500 700 e0.png 0 -0.5
100 700 e0.png 0 -0.1
200 800 e0.png 0 -0.2
300 800 e0.png 0 -0.3
400 800 e0.png 0 -0.4
500 800 e0.png 0 -0.5
100 100 e0.png 0 0
200 100 e0.png 0 0
700 100 e0.png 0 0
700 200 e0.png 0 0
600 200 e0.png 1 1
600 300 e0.png 1 1
600 400 e0.png 1 1
600 500 e0.png 1 1
600 600 e0.png 1 1
600 700 e0.png 1 1
600 800 e0.png 1 1
700 300 e0.png 1 1
700 400 e0.png 1 1
700 500 e0.png 1 1
700 600 e0.png 1 1
700 700 e0.png 1 1
700 800 e0.png 1 1
800 100 e0.png 0 0
800 200 e0.png 0 0
800 300 e0.png 1 1
800 400 e0.png 1 1
800 500 e0.png 1 1
800 600 e0.png 1 1
800 700 e0.png 1 1
800 800 e0.png 1 1
900 100 e0.png 0 0
900 200 e0.png 0 0
900 300 e0.png 1 1
900 400 e0.png 1 1
900 500 e0.png 1 1
900 600 e0.png 1 1
900 700 e0.png 1 1
900 800 e0.png 1 1
500 150 e0.png 1 1
500 250 e0.png 1 1
500 350 e0.png 1 1
500 450 e0.png 1 1
500 550 e0.png 1 1
500 650 e0.png 1 1
500 750 e0.png 1 1
400 150 e0.png 1 1
400 250 e0.png 1 1
400 350 e0.png 1 1
400 450 e0.png 1 1
400 550 e0.png 1 1
400 650 e0.png 1 1
400 750 e0.png 1 1
600 750 e0.png 1 1
600 650 e0.png 1 1
600 550 e0.png 1 1
600 450 e0.png 1 1
600 350 e0.png 1 1
600 250 e0.png 1 1
600 150 e0.png 1 1
500 125 e0.png 1 1
500 225 e0.png 1 1
500 325 e0.png 1 1
500 425 e0.png 1 1
500 525 e0.png 1 1
500 625 e0.png 1 1
500 725 e0.png 1 1
400 125 e0.png 1 1
400 225 e0.png 1 1
400 325 e0.png 1 1
400 425 e0.png 1 1
400 525 e0.png 1 1
400 625 e0.png 1 1
400 725 e0.png 1 1
600 725 e0.png 1 1
600 625 e0.png 1 1
600 525 e0.png 1 1
600 425 e0.png 1 1
600 325 e0.png 1 1
600 225 e0.png 1 1
600 125 e0.png 1 1
500 175 e0.png 1 1
500 275 e0.png 1 1
500 375 e0.png 1 1
500 475 e0.png 1 1
500 575 e0.png 1 1
500 675 e0.png 1 1
500 775 e0.png 1 1
400 175 e0.png 1 1
400 275 e0.png 1 1
400 375 e0.png 1 1
400 475 e0.png 1 1
400 575 e0.png 1 1
400 675 e0.png 1 1
400 775 e0.png 1 1
600 775 e0.png 1 1
600 675 e0.png 1 1
600 575 e0.png 1 1
600 475 e0.png 1 1
600 375 e0.png 1 1
600 275 e0.png 1 1
600 175 e0.png 1 1

added bg pics
upscaled game
added index attribute for Enemys
